object Form1: TForm1
  Left = 0
  Top = 0
  Caption = 'Form1'
  ClientHeight = 480
  ClientWidth = 640
  FormFactor.Width = 320
  FormFactor.Height = 480
  FormFactor.Devices = [Desktop]
  DesignerMasterStyle = 3
  object Label1: TLabel
    Position.X = 240.000000000000000000
    Position.Y = 160.000000000000000000
    Size.Width = 145.000000000000000000
    Size.Height = 89.000000000000000000
    Size.PlatformDefault = False
    Text = 'Label1'
    TabOrder = 1
  end
end
